3003,
585,
2804,
2765,
2669,
1514,
2565,
2260,
335,
2221,
2341,
920,
1795,
819,
1622,
1960,
2293,
2531,
2174,
739,
2774,
1895,
2342,
2357,
2811,
2054,
2517,
2173,
478,
1891,
517,
2894,
717,
2803,
828,
2085,
2255,
1335,
2637,
1339,
1875,
1876,
613,
676,
606,
2679,
991,
1164,
1213,
2379,
1221,
2948,
2666,
516,
715,
2813,
583,
1547,
2960,
563,
2159,
1986,
1071,
561,
1677,
2955,
1754,
1112,
889,
709,
358,
375,
1289,
2400,
1773,
624,
2287,
2317,
1064,
483,
936,
1996,
892,
2279,
1828,
2247,
2172,
3009,
1693,
2568,
2244,
1829,
887,
937,
820,
337,
944,
895,
1342,
946,
1209,
926,
1178,
1154,
1169,
475,
1028,
1942,
1694,
2107,
2097,
2234,
2682,
1707,
2152,
282,
570,
1959,
1294,
1807,
1646,
1201,
2859,
1096,
1995,
769,
1233,
2354,
2108,
1446,
2169,
628,
1753,
1957,
2120,
824,
1644,
1862,
2605,
2129,
2132,
1774,
300,
903,
718,
2323,
2380,
2412,
2699,
1635,
1293,
954,
289,
885,
460,
1326,
1695,
872,
922,
1623,
1696,
1191,
488,
612,
1268,
2113,
2225,
2949,
2219,
1296,
656,
2646,
544,
2708,
2748,
2667,
2570,
2569,
1277,
436,
1220,
870,
2358,
1219,
1318,
1054,
1668,
682,
683,
2958,
2912,
2956,
908,
1325,
1338,
1207,
927,
1153,
657,
2899,
1810,
569,
522,
2957,
2343,
1830,
1669,
850,
1333,
750,
1100,
1161,
479,
2154,
2545,
2253,
1761,
1682,
972,
779,
962,
740,
328,
318,
1759,
1136,
776,
1758,
777,
2303,
716,
2344,
2951,
1860,
1260,
1992,
929,
994,
1670,
838,
2730,
489,
1826,
1117,
1118,
2020,
2018,
2123,
1994,
2805,
2288,
2312,
3046,
2086,
1967,
2273,
2952,
884,
1123,
1101,
1515,
2975,
529,
2997,
277,
1906,
2209,
935,
2183,
2660,
1671,
2284,
712,
1015,
1303,
2878,
3037,
1676,
2181,
1965,
2259,
1732,
1506,
2345,
611,
2059,
1156,
1073,
2094,
2722,
2723,
2724,
2718,
1863,
2346,
2205,
1484,
1864,
2558,
1356,
638,
695,
782,
719,
1059,
2289,
2008,
2863,
2211,
1806,
2252,
1751,
2074,
1486,
1299,
1797,
1850,
1708,
363,
305,
1763,
503,
1685,
1733,
2314,
2935,
2338,
2532,
1697,
2087,
3010,
1871,
500,
1319,
1195,
2186,
2557,
1698,
651,
480,
3017,
1652,
2977,
1868,
2265,
2310,
1245,
1343,
1477,
467,
476,
1775,
1138,
2927,
1034,
949,
955,
3025,
1722,
472,
1150,
2967,
956,
1548,
3088,
2306,
2210,
269,
2493,
2671,
2590,
2507,
2516,
2494,
2978,
2104,
637,
1259,
1917,
1882,
2911,
437,
783,
2116,
2842,
2681,
1075,
979,
581,
1549,
1908,
2355,
2869,
2563,
1793,
2381,
784,
1794,
455,
493,
839,
3019,
1060,
1743,
2185,
2212,
2582,
2980,
2898,
1948,
301,
2311,
667,
1831,
1645,
3023,
692,
2897,
2182,
1316,
1315,
976,
1883,
950,
1625,
2088,
1686,
1798,
2676,
2011,
992,
1102,
668,
1297,
1165,
809,
2701,
1832,
829,
2879,
589,
431,
785,
1709,
713,
1125,
1987,
1232,
888,
2170,
1205,
2405,
1332,
2075,
2093,
1170,
1181,
1140,
1177,
1330,
1183,
1037,
1038,
1039,
1040,
2414,
1041,
1052,
1042,
1141,
1174,
1043,
1044,
2184,
1172,
1173,
1045,
2141,
1204,
1046,
1047,
1048,
2124,
1049,
1050,
2076,
1327,
1127,
1051,
1182,
1128,
1145,
1655,
1770,
1723,
1620,
2257,
1061,
1115,
1306,
1340,
963,
2334,
658,
1809,
2771,
362,
3038,
2281,
1848,
1757,
1129,
584,
685,
679,
1179,
1845,
512,
832,
2127,
494,
2371,
2250,
1151,
2410,
840,
1988,
625,
1687,
743,
925,
964,
2961,
2179,
2880,
2915,
967,
966,
965,
2886,
751,
2663,
2962,
1854,
2167,
2277,
1176,
986,
2553,
1212,
519,
2408,
841,
2397,
2024,
942,
1924,
2207,
2347,
1744,
2348,
1302,
426,
1962,
896,
361,
1745,
2673,
1653,
2095,
623,
369,
2160,
2099,
2865,
1672,
619,
2115,
2791,
2588,
1799,
1137,
826,
1865,
2963,
2278,
1776,
1556,
1936,
2155,
316,
1796,
930,
2286,
2836,
1505,
934,
1659,
1476,
1103,
549,
1097,
2793,
2307,
2572,
1321,
1853,
1624,
1167,
551,
1193,
1663,
2100,
710,
1063,
372,
1346,
1594,
1925,
1643,
1480,
1855,
1641,
1581,
1341,
1533,
1300,
1879,
1271,
2931,
2664,
564,
566,
941,
931,
2900,
2928,
501,
524,
1275,
1323,
2690,
2089,
2056,
2189,
1803,
1135,
897,
736,
1420,
720,
456,
1013,
786,
1295,
1656,
2702,
1949,
995,
1699,
350,
550,
1253,
577,
518,
2361,
2019,
663,
609,
1688,
2583,
834,
521,
1132,
2301,
2988,
2989,
2990,
2112,
1884,
1481,
343,
2324,
2398,
1189,
2399,
2237,
2684,
1777,
2999,
1926,
636,
2533,
547,
988,
2010,
2794,
734,
938,
2686,
2102,
2508,
951,
721,
2349,
428,
2946,
571,
1131,
546,
686,
429,
2292,
3000,
2441,
2495,
2392,
2474,
2440,
2390,
2473,
2520,
2490,
2547,
2526,
2510,
2419,
2449,
2521,
2443,
2503,
2482,
2425,
2512,
2427,
2453,
2486,
2442,
2415,
2463,
2436,
2496,
2528,
2549,
2476,
2395,
2523,
2439,
2497,
2471,
2394,
2384,
2451,
2491,
2548,
2513,
2529,
2456,
2524,
2420,
2498,
2389,
2527,
2550,
2470,
2437,
2518,
2417,
2478,
2459,
2391,
2477,
2444,
2465,
2435,
2511,
2426,
2485,
2454,
2430,
2504,
2416,
2461,
2480,
2466,
2475,
2396,
2445,
2418,
2457,
2488,
2472,
2393,
2438,
2452,
2484,
2429,
2464,
2431,
2388,
2499,
2522,
2383,
2376,
2501,
2385,
2450,
2377,
2432,
2487,
2455,
2428,
2481,
2413,
2447,
2479,
2460,
2422,
2434,
2467,
2387,
2502,
2525,
2458,
2462,
2423,
2505,
2424,
2483,
2446,
2506,
2448,
2421,
2489,
2519,
2500,
2386,
2433,
2913,
2873,
607,
2206,
741,
1833,
2227,
742,
1872,
1069,
744,
1010,
691,
2634,
1788,
2331,
649,
858,
2290,
1898,
642,
2177,
957,
513,
2101,
2318,
2092,
842,
999,
2845,
2534,
787,
1534,
2611,
1929,
1930,
2254,
2917,
1870,
412,
2194,
2157,
2855,
645,
2930,
1147,
3018,
788,
2241,
2411,
2372,
567,
722,
1535,
1507,
2098,
499,
945,
2262,
723,
915,
1894,
2872,
1284,
2546,
827,
357,
2220,
1432,
2860,
724,
1550,
725,
2885,
975,
2130,
2133,
1937,
921,
993,
530,
943,
2901,
876,
726,
2867,
2950,
865,
481,
2188,
727,
1700,
2378,
2263,
2868,
2763,
1989,
2837,
1800,
1065,
3027,
1431,
1218,
928,
2261,
2862,
324,
1211,
1320,
1963,
2560,
958,
1440,
1555,
2304,
1991,
2706,
3028,
1004,
985,
2896,
1186,
2012,
1149,
1990,
2509,
1430,
907,
2902,
881,
1254,
2198,
1834,
973,
2571,
2535,
2337,
939,
2994,
3029,
2993,
1158,
2587,
2995,
728,
1861,
2670,
1143,
2282,
669,
515,
527,
2283,
1144,
272,
3079,
662,
275,
2053,
1001,
997,
610,
1662,
2818,
2996,
1661,
2874,
711,
2235,
968,
1081,
687,
670,
552,
345,
2175,
1124,
1931,
1007,
2929,
2084,
1626,
1308,
3021,
664,
1993,
2350,
1197,
917,
3013,
416,
909,
859,
1985,
2191,
2492,
996,
2246,
1752,
2846,
1270,
3039,
843,
919,
1778,
2228,
2025,
1950,
1322,
599,
1009,
1509,
333,
2966,
2903,
2309,
268,
2006,
2319,
2847,
789,
575,
1208,
2001,
1664,
860,
1681,
1272,
2353,
2105,
2111,
2222,
671,
2661,
898,
2674,
647,
833,
2866,
631,
1016,
2114,
1066,
1324,
1225,
1152,
911,
3001,
3012,
2096,
790,
1442,
601,
1689,
1979,
2320,
364,
708,
462,
1076,
1082,
1808,
1301,
2689,
1701,
854,
1062,
1756,
293,
3008,
2351,
1835,
2375,
2242,
2792,
2368,
321,
969,
2166,
2121,
2217,
1230,
410,
1121,
1804,
2168,
2959,
1627,
2326,
2256,
2274,
1536,
984,
2729,
923,
987,
557,
1713,
982,
531,
1057,
844,
961,
2401,
1058,
3030,
2197,
491,
2536,
308,
1673,
2838,
2638,
1166,
2556,
1628,
2717,
420,
862,
1755,
1648,
1984,
861,
2964,
602,
2573,
1554,
2229,
1353,
794,
2203,
1857,
2356,
1336,
1228,
2904,
2564,
1674,
1003,
2678,
1852,
1909,
1958,
2905,
894,
2248,
2335,
1932,
1104,
1285,
2607,
2190,
893,
675,
707,
1657,
1345,
753,
1313,
1113,
1317,
752,
1537,
1110,
2204,
1513,
3087,
1634,
2882,
1678,
355,
2109,
845,
1171,
1978,
371,
1238,
1251,
1292,
1247,
1269,
2895,
795,
644,
2692,
1479,
1725,
590,
729,
2603,
1916,
2589,
1636,
463,
504,
2914,
444,
2953,
1222,
2106,
791,
2696,
792,
367,
948,
659,
325,
2308,
754,
748,
1347,
882,
666,
1485,
603,
1920,
1818,
1511,
2839,
2851,
2680,
2382,
2409,
579,
1035,
952,
2332,
735,
1790,
1836,
303,
2238,
1966,
1053,
1779,
2687,
2648,
568,
2970,
2196,
2200,
1983,
1690,
2110,
665,
1856,
812,
2906,
1160,
1714,
2176,
1954,
1702,
1109,
1344,
1999,
1715,
2594,
3022,
1206,
1067,
1133,
1765,
290,
2208,
1551,
2668,
2675,
2567,
296,
2844,
354,
1847,
1106,
910,
1825,
836,
2555,
2965,
1334,
1510,
1935,
1843,
2103,
770,
2876,
2193,
2302,
2271,
1265,
974,
276,
1433,
1029,
1888,
1887,
953,
1116,
2469,
1955,
2126,
2171,
3026,
1017,
1642,
1944,
877,
1837,
2688,
1703,
821,
2772,
1231,
1068,
373,
356,
1148,
2947,
2537,
1838,
1026,
653,
2981,
2606,
2249,
2373,
2406,
846,
771,
1792,
1846,
1629,
3004,
2090,
1217,
2538,
2539,
1107,
2264,
1234,
2232,
1764,
2233,
1680,
2647,
2267,
678,
1716,
560,
1216,
2652,
3051,
497,
1780,
582,
867,
2023,
2280,
2530,
886,
1027,
1890,
1552,
2834,
2285,
825,
640,
2118,
1262,
855,
2313,
856,
1851,
2826,
1873,
2806,
648,
2258,
1771,
2707,
1915,
2698,
2749,
1911,
1839,
2245,
1025,
2971,
755,
981,
1146,
1565,
1130,
2889,
3024,
2892,
2858,
2888,
2887,
3016,
3020,
2891,
2554,
2359,
2691,
914,
2275,
1630,
2251,
660,
830,
1781,
1312,
1705,
1134,
1244,
2645,
2276,
2239,
1691,
326,
1782,
2864,
1033,
3050,
1282,
1783,
1840,
2840,
616,
306,
1030,
2816,
2810,
1483,
2934,
2657,
2374,
2407,
2213,
1706,
2551,
2726,
868,
2877,
672,
2592,
1443,
565,
1142,
1155,
869,
2848,
621,
578,
2131,
2134,
1180,
1631,
1196,
857,
1006,
376,
3077,
1036,
1787,
2216,
2340,
661,
899,
1508,
1654,
2055,
2514,
1226,
1159,
924,
1305,
2700,
2552,
1512,
2825,
690,
878,
1080,
2215,
1337,
1762,
2015,
445,
959,
608,
2128,
1190,
673,
1288,
989,
331,
1031,
1447,
1858,
684,
2916,
526,
2091,
588,
1841,
1820,
1874,
851,
2893,
674,
1056,
2540,
3049,
2841,
831,
871,
2604,
1311,
1012,
998,
2321,
1215,
918,
2240,
1185,
523,
2339,
1801,
597,
2541,
1445,
2591,
1224,
737,
913,
2562,
2764,
2843,
433,
2180,
2270,
1997,
2178,
1538,
1532,
1869,
2362,
2305,
1842,
2294,
1866,
525,
2542,
1278,
2014,
1666,
932,
2214,
1114,
1229,
2727,
447,
730,
1760,
1267,
473,
360,
1632,
1791,
912,
1739,
2665,
2631,
502,
3048,
1122,
1355,
1772,
1162,
2812,
2156,
468,
847,
2725,
1021,
1108,
1621,
880,
900,
983,
2125,
2165,
2932,
1943,
1241,
1002,
848,
2122,
693,
1892,
2705,
1252,
2566,
1665,
2013,
793,
916,
3011,
2297,
1784,
2609,
2875,
837,
904,
580,
2762,
2352,
2817,
1314,
732,
1849,
2073,
1921,
749,
2199,
2814,
2022,
849,
2819,
2704,
2561,
1263,
1111,
1032,
1105,
1014,
2884,
1273,
1175,
901,
1276,
1675,
1889,
1692,
2230,
1214,
2543,
2195,
1658,
873,
271,
689,
1281,
2236,
1055,
1120,
2593,
1283,
1980,
1785,
543,
1157,
641,
883,
2268,
902,
1072,
1227,
1188,
2370,
2201,
3047,
2192,
1746,
813,
774,
2218,
1429,
2369,
1844,
1192,
1126,
553,
1718,
635,
1633,
772,
1747,
960,
2295,
2231,
538,
1789,
1811,
1748,
2202,
1660,
1255,
1250,
2815,
3014,
2856,
1719,
2933,
639,
1750,
1749,
586,
775,
1805,
2544,
1647,
1539,
3086,
2291,
3015,
302,
2559,
2636,
2336,
3040,
2584,
1163,
448,
2850,
1223,
733